{
 "cells": [
  {
   "cell_type": "markdown",
   "metadata": {},
   "source": [
    "# MATH2970 Computer Assignment\n",
    "\n",
    "**Author:** 510575452"
   ]
  },
  {
   "cell_type": "code",
   "execution_count": 4,
   "metadata": {},
   "outputs": [],
   "source": [
    "# Importing Libraries\n",
    "\n",
    "import numpy as np\n",
    "import pandas as pd\n",
    "import matplotlib.pyplot as plt\n",
    "import seaborn as sns\n",
    "import scipy.stats as stats\n",
    "from scipy.optimize import minimize"
   ]
  },
  {
   "cell_type": "markdown",
   "metadata": {},
   "source": [
    "## Exploring Data"
   ]
  },
  {
   "cell_type": "code",
   "execution_count": 7,
   "metadata": {},
   "outputs": [
    {
     "data": {
      "text/html": [
       "<div>\n",
       "<style scoped>\n",
       "    .dataframe tbody tr th:only-of-type {\n",
       "        vertical-align: middle;\n",
       "    }\n",
       "\n",
       "    .dataframe tbody tr th {\n",
       "        vertical-align: top;\n",
       "    }\n",
       "\n",
       "    .dataframe thead th {\n",
       "        text-align: right;\n",
       "    }\n",
       "</style>\n",
       "<table border=\"1\" class=\"dataframe\">\n",
       "  <thead>\n",
       "    <tr style=\"text-align: right;\">\n",
       "      <th></th>\n",
       "      <th>Date</th>\n",
       "      <th>BHP</th>\n",
       "      <th>CBA</th>\n",
       "      <th>CSL</th>\n",
       "      <th>NAB</th>\n",
       "      <th>WBC</th>\n",
       "      <th>ANZ</th>\n",
       "      <th>MQG</th>\n",
       "      <th>WES</th>\n",
       "      <th>GMG</th>\n",
       "      <th>FMG</th>\n",
       "    </tr>\n",
       "  </thead>\n",
       "  <tbody>\n",
       "    <tr>\n",
       "      <th>0</th>\n",
       "      <td>2022-07-01</td>\n",
       "      <td>33.62</td>\n",
       "      <td>81.91</td>\n",
       "      <td>260.65</td>\n",
       "      <td>24.64</td>\n",
       "      <td>17.21</td>\n",
       "      <td>19.16</td>\n",
       "      <td>151.74</td>\n",
       "      <td>38.63</td>\n",
       "      <td>17.75</td>\n",
       "      <td>13.25</td>\n",
       "    </tr>\n",
       "    <tr>\n",
       "      <th>1</th>\n",
       "      <td>2022-07-04</td>\n",
       "      <td>33.49</td>\n",
       "      <td>82.59</td>\n",
       "      <td>266.04</td>\n",
       "      <td>24.85</td>\n",
       "      <td>17.43</td>\n",
       "      <td>19.40</td>\n",
       "      <td>154.43</td>\n",
       "      <td>39.60</td>\n",
       "      <td>18.25</td>\n",
       "      <td>13.31</td>\n",
       "    </tr>\n",
       "    <tr>\n",
       "      <th>2</th>\n",
       "      <td>2022-07-05</td>\n",
       "      <td>33.57</td>\n",
       "      <td>82.39</td>\n",
       "      <td>270.05</td>\n",
       "      <td>24.77</td>\n",
       "      <td>17.43</td>\n",
       "      <td>19.33</td>\n",
       "      <td>155.85</td>\n",
       "      <td>39.82</td>\n",
       "      <td>18.08</td>\n",
       "      <td>13.50</td>\n",
       "    </tr>\n",
       "    <tr>\n",
       "      <th>3</th>\n",
       "      <td>2022-07-06</td>\n",
       "      <td>31.69</td>\n",
       "      <td>83.09</td>\n",
       "      <td>277.01</td>\n",
       "      <td>25.22</td>\n",
       "      <td>17.59</td>\n",
       "      <td>19.51</td>\n",
       "      <td>156.75</td>\n",
       "      <td>40.47</td>\n",
       "      <td>18.77</td>\n",
       "      <td>12.85</td>\n",
       "    </tr>\n",
       "    <tr>\n",
       "      <th>4</th>\n",
       "      <td>2022-07-07</td>\n",
       "      <td>32.68</td>\n",
       "      <td>84.06</td>\n",
       "      <td>277.85</td>\n",
       "      <td>25.22</td>\n",
       "      <td>17.72</td>\n",
       "      <td>19.86</td>\n",
       "      <td>157.67</td>\n",
       "      <td>41.04</td>\n",
       "      <td>18.69</td>\n",
       "      <td>13.41</td>\n",
       "    </tr>\n",
       "  </tbody>\n",
       "</table>\n",
       "</div>"
      ],
      "text/plain": [
       "        Date    BHP    CBA     CSL    NAB    WBC    ANZ     MQG    WES    GMG  \\\n",
       "0 2022-07-01  33.62  81.91  260.65  24.64  17.21  19.16  151.74  38.63  17.75   \n",
       "1 2022-07-04  33.49  82.59  266.04  24.85  17.43  19.40  154.43  39.60  18.25   \n",
       "2 2022-07-05  33.57  82.39  270.05  24.77  17.43  19.33  155.85  39.82  18.08   \n",
       "3 2022-07-06  31.69  83.09  277.01  25.22  17.59  19.51  156.75  40.47  18.77   \n",
       "4 2022-07-07  32.68  84.06  277.85  25.22  17.72  19.86  157.67  41.04  18.69   \n",
       "\n",
       "     FMG  \n",
       "0  13.25  \n",
       "1  13.31  \n",
       "2  13.50  \n",
       "3  12.85  \n",
       "4  13.41  "
      ]
     },
     "execution_count": 7,
     "metadata": {},
     "output_type": "execute_result"
    }
   ],
   "source": [
    "stocks = pd.read_csv('data/project_data.csv', parse_dates=['Date'])\n",
    "stocks.head()"
   ]
  },
  {
   "cell_type": "markdown",
   "metadata": {},
   "source": [
    "## Question 1"
   ]
  },
  {
   "cell_type": "markdown",
   "metadata": {},
   "source": [
    "### Part A"
   ]
  },
  {
   "cell_type": "code",
   "execution_count": 25,
   "metadata": {},
   "outputs": [
    {
     "name": "stdout",
     "output_type": "stream",
     "text": [
      "Mean return for BHP = 0.0005290007744741171\n",
      "Mean return for CBA = 0.0008938058392775244\n",
      "Mean return for CSL = 0.0002944352613775068\n",
      "Mean return for NAB = 0.0008256029027737885\n",
      "Mean return for WBC = 0.0009736330340698034\n",
      "Mean return for ANZ = 0.0008275672040342604\n",
      "Mean return for MQG = 0.000686245046964906\n",
      "Mean return for WES = 0.0010766100857014815\n",
      "Mean return for GMG = 0.0014718806874362148\n",
      "Mean return for FMG = 0.0010636958339187278\n"
     ]
    }
   ],
   "source": [
    "# Calculate the mean return of each stock\n",
    "# for stock in stocks.columns[1:]:\n",
    "#     stock_return = (stocks[stock]/stocks[stock].shift(1) - 1)\n",
    "#     stock_return = stock_return[1:]\n",
    "#     stock_return_mean = np.mean(stock_return)\n",
    "#     print(\"Mean return for\", stock, \"=\", stock_return_mean)\n",
    "\n",
    "# Calculate the mean return of each stock\n",
    "for stock in stocks.columns[1:]:\n",
    "    stock_return = stocks.loc[:, stock].pct_change()\n",
    "    stock_return_mean = stock_return.mean()\n",
    "    print(\"Mean return for\", stock, \"=\", stock_return_mean)"
   ]
  },
  {
   "cell_type": "code",
   "execution_count": 27,
   "metadata": {},
   "outputs": [
    {
     "data": {
      "text/html": [
       "<div>\n",
       "<style scoped>\n",
       "    .dataframe tbody tr th:only-of-type {\n",
       "        vertical-align: middle;\n",
       "    }\n",
       "\n",
       "    .dataframe tbody tr th {\n",
       "        vertical-align: top;\n",
       "    }\n",
       "\n",
       "    .dataframe thead th {\n",
       "        text-align: right;\n",
       "    }\n",
       "</style>\n",
       "<table border=\"1\" class=\"dataframe\">\n",
       "  <thead>\n",
       "    <tr style=\"text-align: right;\">\n",
       "      <th></th>\n",
       "      <th>BHP</th>\n",
       "      <th>CBA</th>\n",
       "      <th>CSL</th>\n",
       "      <th>NAB</th>\n",
       "      <th>WBC</th>\n",
       "      <th>ANZ</th>\n",
       "      <th>MQG</th>\n",
       "      <th>WES</th>\n",
       "      <th>GMG</th>\n",
       "      <th>FMG</th>\n",
       "    </tr>\n",
       "  </thead>\n",
       "  <tbody>\n",
       "    <tr>\n",
       "      <th>BHP</th>\n",
       "      <td>0.000224</td>\n",
       "      <td>0.000038</td>\n",
       "      <td>0.000004</td>\n",
       "      <td>0.000035</td>\n",
       "      <td>0.000036</td>\n",
       "      <td>0.000034</td>\n",
       "      <td>0.000074</td>\n",
       "      <td>0.000046</td>\n",
       "      <td>0.000052</td>\n",
       "      <td>0.000230</td>\n",
       "    </tr>\n",
       "    <tr>\n",
       "      <th>CBA</th>\n",
       "      <td>0.000038</td>\n",
       "      <td>0.000106</td>\n",
       "      <td>0.000041</td>\n",
       "      <td>0.000091</td>\n",
       "      <td>0.000090</td>\n",
       "      <td>0.000080</td>\n",
       "      <td>0.000077</td>\n",
       "      <td>0.000063</td>\n",
       "      <td>0.000075</td>\n",
       "      <td>0.000040</td>\n",
       "    </tr>\n",
       "    <tr>\n",
       "      <th>CSL</th>\n",
       "      <td>0.000004</td>\n",
       "      <td>0.000041</td>\n",
       "      <td>0.000123</td>\n",
       "      <td>0.000031</td>\n",
       "      <td>0.000029</td>\n",
       "      <td>0.000029</td>\n",
       "      <td>0.000045</td>\n",
       "      <td>0.000051</td>\n",
       "      <td>0.000064</td>\n",
       "      <td>0.000005</td>\n",
       "    </tr>\n",
       "    <tr>\n",
       "      <th>NAB</th>\n",
       "      <td>0.000035</td>\n",
       "      <td>0.000091</td>\n",
       "      <td>0.000031</td>\n",
       "      <td>0.000120</td>\n",
       "      <td>0.000099</td>\n",
       "      <td>0.000089</td>\n",
       "      <td>0.000081</td>\n",
       "      <td>0.000059</td>\n",
       "      <td>0.000066</td>\n",
       "      <td>0.000040</td>\n",
       "    </tr>\n",
       "    <tr>\n",
       "      <th>WBC</th>\n",
       "      <td>0.000036</td>\n",
       "      <td>0.000090</td>\n",
       "      <td>0.000029</td>\n",
       "      <td>0.000099</td>\n",
       "      <td>0.000126</td>\n",
       "      <td>0.000095</td>\n",
       "      <td>0.000079</td>\n",
       "      <td>0.000061</td>\n",
       "      <td>0.000066</td>\n",
       "      <td>0.000044</td>\n",
       "    </tr>\n",
       "    <tr>\n",
       "      <th>ANZ</th>\n",
       "      <td>0.000034</td>\n",
       "      <td>0.000080</td>\n",
       "      <td>0.000029</td>\n",
       "      <td>0.000089</td>\n",
       "      <td>0.000095</td>\n",
       "      <td>0.000115</td>\n",
       "      <td>0.000078</td>\n",
       "      <td>0.000058</td>\n",
       "      <td>0.000068</td>\n",
       "      <td>0.000043</td>\n",
       "    </tr>\n",
       "    <tr>\n",
       "      <th>MQG</th>\n",
       "      <td>0.000074</td>\n",
       "      <td>0.000077</td>\n",
       "      <td>0.000045</td>\n",
       "      <td>0.000081</td>\n",
       "      <td>0.000079</td>\n",
       "      <td>0.000078</td>\n",
       "      <td>0.000185</td>\n",
       "      <td>0.000086</td>\n",
       "      <td>0.000113</td>\n",
       "      <td>0.000096</td>\n",
       "    </tr>\n",
       "    <tr>\n",
       "      <th>WES</th>\n",
       "      <td>0.000046</td>\n",
       "      <td>0.000063</td>\n",
       "      <td>0.000051</td>\n",
       "      <td>0.000059</td>\n",
       "      <td>0.000061</td>\n",
       "      <td>0.000058</td>\n",
       "      <td>0.000086</td>\n",
       "      <td>0.000135</td>\n",
       "      <td>0.000113</td>\n",
       "      <td>0.000048</td>\n",
       "    </tr>\n",
       "    <tr>\n",
       "      <th>GMG</th>\n",
       "      <td>0.000052</td>\n",
       "      <td>0.000075</td>\n",
       "      <td>0.000064</td>\n",
       "      <td>0.000066</td>\n",
       "      <td>0.000066</td>\n",
       "      <td>0.000068</td>\n",
       "      <td>0.000113</td>\n",
       "      <td>0.000113</td>\n",
       "      <td>0.000279</td>\n",
       "      <td>0.000075</td>\n",
       "    </tr>\n",
       "    <tr>\n",
       "      <th>FMG</th>\n",
       "      <td>0.000230</td>\n",
       "      <td>0.000040</td>\n",
       "      <td>0.000005</td>\n",
       "      <td>0.000040</td>\n",
       "      <td>0.000044</td>\n",
       "      <td>0.000043</td>\n",
       "      <td>0.000096</td>\n",
       "      <td>0.000048</td>\n",
       "      <td>0.000075</td>\n",
       "      <td>0.000430</td>\n",
       "    </tr>\n",
       "  </tbody>\n",
       "</table>\n",
       "</div>"
      ],
      "text/plain": [
       "          BHP       CBA       CSL       NAB       WBC       ANZ       MQG  \\\n",
       "BHP  0.000224  0.000038  0.000004  0.000035  0.000036  0.000034  0.000074   \n",
       "CBA  0.000038  0.000106  0.000041  0.000091  0.000090  0.000080  0.000077   \n",
       "CSL  0.000004  0.000041  0.000123  0.000031  0.000029  0.000029  0.000045   \n",
       "NAB  0.000035  0.000091  0.000031  0.000120  0.000099  0.000089  0.000081   \n",
       "WBC  0.000036  0.000090  0.000029  0.000099  0.000126  0.000095  0.000079   \n",
       "ANZ  0.000034  0.000080  0.000029  0.000089  0.000095  0.000115  0.000078   \n",
       "MQG  0.000074  0.000077  0.000045  0.000081  0.000079  0.000078  0.000185   \n",
       "WES  0.000046  0.000063  0.000051  0.000059  0.000061  0.000058  0.000086   \n",
       "GMG  0.000052  0.000075  0.000064  0.000066  0.000066  0.000068  0.000113   \n",
       "FMG  0.000230  0.000040  0.000005  0.000040  0.000044  0.000043  0.000096   \n",
       "\n",
       "          WES       GMG       FMG  \n",
       "BHP  0.000046  0.000052  0.000230  \n",
       "CBA  0.000063  0.000075  0.000040  \n",
       "CSL  0.000051  0.000064  0.000005  \n",
       "NAB  0.000059  0.000066  0.000040  \n",
       "WBC  0.000061  0.000066  0.000044  \n",
       "ANZ  0.000058  0.000068  0.000043  \n",
       "MQG  0.000086  0.000113  0.000096  \n",
       "WES  0.000135  0.000113  0.000048  \n",
       "GMG  0.000113  0.000279  0.000075  \n",
       "FMG  0.000048  0.000075  0.000430  "
      ]
     },
     "execution_count": 27,
     "metadata": {},
     "output_type": "execute_result"
    }
   ],
   "source": [
    "# Calculate the covariance matrix\n",
    "covariant_matrix = stocks.iloc[:, 1:].pct_change()\n",
    "covariant_matrix.cov()"
   ]
  },
  {
   "cell_type": "markdown",
   "metadata": {},
   "source": [
    "## Question 2"
   ]
  },
  {
   "cell_type": "code",
   "execution_count": null,
   "metadata": {},
   "outputs": [],
   "source": []
  }
 ],
 "metadata": {
  "kernelspec": {
   "display_name": "base",
   "language": "python",
   "name": "python3"
  },
  "language_info": {
   "codemirror_mode": {
    "name": "ipython",
    "version": 3
   },
   "file_extension": ".py",
   "mimetype": "text/x-python",
   "name": "python",
   "nbconvert_exporter": "python",
   "pygments_lexer": "ipython3",
   "version": "3.12.4"
  }
 },
 "nbformat": 4,
 "nbformat_minor": 2
}
